// Experience Tables [Custom]
// Supports up to base level 1000 and job level 255
// Uncomment the rows below, enter the max level you want and replace "x" by the list of classes 
// you want these to apply to. You can also write your own exp requirements.
//
// Structure of Database:
// Max Level,Class list,Type,Exp for Lv 1,2,3,4,5,6,7,8,9,10,11,12,13,14,15,16,17,18,19,20,21,22,23,24,25,26,27,28,29,30,31,32,33,34,35,36,37,38,39,40,41,42,43,44,45,46,47,48,49,50,51,52,53,54,55,56,57,58,59,60,61,62,63,64,65,66,67,68,69,70,71,72,73,74,75,76,77,78,79,80,81,82,83,84,85,86,87,88,89,90,91,92,93,94,95,96,97,98,99,100,101,102,103,104,105,106,107,108,109,110,111,112,113,114,115,116,117,118,119,120,121,122,123,124,125,126,127,128,129,130,131,132,133,134,135,136,137,138,139,140,141,142,143,144,145,146,147,148,149,150,151,152,153,154,155,156,157,158,159,160,161,162,163,164,165,166,167,168,169,170,171,172,173,174,175,176,177,178,179,180,181,182,183,184,185,186,187,188,189,190,191,192,193,194,195,196,197,198,199,200,201,202,203,204,205,206,207,208,209,210,211,212,213,214,215,216,217,218,219,220,221,222,223,224,225,226,227,228,229,230,231,232,233,234,235,236,237,238,239,240,241,242,243,244,245,246,247,248,249,250,251,252,253,254,255,256,257,258,259,260,261,262,263,264,265,266,267,268,269,270,271,272,273,274,275,276,277,278,279,280,281,282,283,284,285,286,287,288,289,290,291,292,293,294,295,296,297,298,299,300,301,302,303,304,305,306,307,308,309,310,311,312,313,314,315,316,317,318,319,320,321,322,323,324,325,326,327,328,329,330,331,332,333,334,335,336,337,338,339,340,341,342,343,344,345,346,347,348,349,350,351,352,353,354,355,356,357,358,359,360,361,362,363,364,365,366,367,368,369,370,371,372,373,374,375,376,377,378,379,380,381,382,383,384,385,386,387,388,389,390,391,392,393,394,395,396,397,398,399,400,401,402,403,404,405,406,407,408,409,410,411,412,413,414,415,416,417,418,419,420,421,422,423,424,425,426,427,428,429,430,431,432,433,434,435,436,437,438,439,440,441,442,443,444,445,446,447,448,449,450,451,452,453,454,455,456,457,458,459,460,461,462,463,464,465,466,467,468,469,470,471,472,473,474,475,476,477,478,479,480,481,482,483,484,485,486,487,488,489,490,491,492,493,494,495,496,497,498,499,500,501,502,503,504,505,506,507,508,509,510,511,512,513,514,515,516,517,518,519,520,521,522,523,524,525,526,527,528,529,530,531,532,533,534,535,536,537,538,539,540,541,542,543,544,545,546,547,548,549,550,551,552,553,554,555,556,557,558,559,560,561,562,563,564,565,566,567,568,569,570,571,572,573,574,575,576,577,578,579,580,581,582,583,584,585,586,587,588,589,590,591,592,593,594,595,596,597,598,599,600,601,602,603,604,605,606,607,608,609,610,611,612,613,614,615,616,617,618,619,620,621,622,623,624,625,626,627,628,629,630,631,632,633,634,635,636,637,638,639,640,641,642,643,644,645,646,647,648,649,650,651,652,653,654,655,656,657,658,659,660,661,662,663,664,665,666,667,668,669,670,671,672,673,674,675,676,677,678,679,680,681,682,683,684,685,686,687,688,689,690,691,692,693,694,695,696,697,698,699,700,701,702,703,704,705,706,707,708,709,710,711,712,713,714,715,716,717,718,719,720,721,722,723,724,725,726,727,728,729,730,731,732,733,734,735,736,737,738,739,740,741,742,743,744,745,746,747,748,749,750,751,752,753,754,755,756,757,758,759,760,761,762,763,764,765,766,767,768,769,770,771,772,773,774,775,776,777,778,779,780,781,782,783,784,785,786,787,788,789,790,791,792,793,794,795,796,797,798,799,800,801,802,803,804,805,806,807,808,809,810,811,812,813,814,815,816,817,818,819,820,821,822,823,824,825,826,827,828,829,830,831,832,833,834,835,836,837,838,839,840,841,842,843,844,845,846,847,848,849,850,851,852,853,854,855,856,857,858,859,860,861,862,863,864,865,866,867,868,869,870,871,872,873,874,875,876,877,878,879,880,881,882,883,884,885,886,887,888,889,890,891,892,893,894,895,896,897,898,899,900,901,902,903,904,905,906,907,908,909,910,911,912,913,914,915,916,917,918,919,920,921,922,923,924,925,926,927,928,929,930,931,932,933,934,935,936,937,938,939,940,941,942,943,944,945,946,947,948,949,950,951,952,953,954,955,956,957,958,959,960,961,962,963,964,965,966,967,968,969,970,971,972,973,974,975,976,977,978,979,980,981,982,983,984,985,986,987,988,989,990,991,992,993,994,995,996,997,998,999,1000
//
// Type:
//	0 = Base Exp, 1 = Job Exp

//Base - Pre-renewal 1000 Levels
255,1:2:3:4:5:6:7:8:9:10:11:12:13:14:15:16:17:18:19:20:21:23:24:25:4002:4003:4004:4005:4006:4007:4008:4009:4010:4011:4012:4013:4015:4016:4017:4018:4019:4020:4021:4046:4047:4049,0,10,18,28,40,85,123,168,220,278,400,481,613,731,875,1038,1213,1400,1575,1775,2268,2604,2786,3136,3506,4130,4796,5508,6264,9645,12392,14220,16159,18209,21649,24451,27401,30499,33748,47342,58160,64711,71573,78749,90144,99312,108870,118816,129154,174196,213220,238080,264150,291427,329640,363155,398116,434526,472381,610848,731828,806448,884232,965180,1073896,1170382,1270556,1374422,1481976,1850800,3389616,3666333,3953534,4251217,4559382,5129260,5488173,5859059,6241919,7374168,9570662,10458427,11380262,12336168,13326144,14994907,16130400,17304206,18516326,19766760,29216160,34949880,40930560,55017900,71510400,106974000,146061000,174405000,343210000,345210000,347210000,349210000,351210000,353210000,355210000,357210000,359210000,361210000,363210000,365210000,367210000,369210000,371210000,373210000,375210000,377210000,379210000,381210000,383210000,385210000,387210000,389210000,391210000,393210000,395210000,397210000,399210000,401210000,403210000,405210000,407210000,409210000,411210000,413210000,415210000,417210000,419210000,421210000,423210000,425210000,427210000,429210000,431210000,433210000,435210000,437210000,439210000,441210000,443210000,445210000,447210000,449210000,451210000,453210000,455210000,457210000,459210000,461210000,463210000,465210000,467210000,469210000,471210000,473210000,475210000,477210000,479210000,481210000,483210000,485210000,487210000,489210000,491210000,493210000,495210000,497210000,499210000,501210000,503210000,505210000,507210000,509210000,511210000,513210000,515210000,517210000,519210000,521210000,523210000,525210000,527210000,529210000,531210000,533210000,535210000,537210000,539210000,541210000,543210000,545210000,547210000,549210000,551210000,553210000,555210000,557210000,559210000,561210000,563210000,565210000,567210000,569210000,571210000,573210000,575210000,577210000,579210000,581210000,583210000,585210000,587210000,589210000,591210000,593210000,595210000,597210000,599210000,601210000,603210000,605210000,607210000,609210000,611210000,613210000,615210000,617210000,619210000,621210000,623210000,625210000,627210000,629210000,631210000,633210000,635210000,637210000,639210000,641210000,643210000,645210000,647210000,649210000,651210000,653210000,655210000,657210000,659210000,661210000,663210000,665210000,667210000,669210000,671210000,673210000,675210000,677210000,679210000,681210000,683210000,685210000,687210000,689210000,691210000,693210000,695210000,697210000,699210000,701210000,703210000,705210000,707210000,709210000,711210000,713210000,715210000,717210000,719210000,721210000,723210000,725210000,727210000,729210000,731210000,733210000,735210000,737210000,739210000,741210000,743210000,745210000,747210000,749210000,751210000,753210000,755210000,757210000,759210000,761210000,763210000,765210000,767210000,769210000,771210000,773210000,775210000,777210000,779210000,781210000,783210000,785210000,787210000,789210000,791210000,793210000,795210000,797210000,799210000,801210000,803210000,805210000,807210000,809210000,811210000,813210000,815210000,817210000,819210000,821210000,823210000,825210000,827210000,829210000,831210000,833210000,835210000,837210000,839210000,841210000,843210000,845210000,847210000,849210000,851210000,853210000,855210000,857210000,859210000,861210000,863210000,865210000,867210000,869210000,871210000,873210000,875210000,877210000,879210000,881210000,883210000,885210000,887210000,889210000,891210000,893210000,895210000,897210000,899210000,901210000,903210000,905210000,907210000,909210000,911210000,913210000,915210000,917210000,919210000,921210000,923210000,925210000,927210000,929210000,931210000,933210000,935210000,937210000,939210000,941210000,943210000,945210000,947210000,949210000,951210000,953210000,955210000,957210000,959210000,961210000,963210000,965210000,967210000,969210000,971210000,973210000,975210000,977210000,979210000,981210000,983210000,985210000,987210000,989210000,991210000,993210000,995210000,997210000,999210000,1001210000,1003210000,1005210000,1007210000,1009210000,1011210000,1013210000,1015210000,1017210000,1019210000,1021210000,1023210000,1025210000,1027210000,1029210000,1031210000,1033210000,1035210000,1037210000,1039210000,1041210000,1043210000,1045210000,1047210000,1049210000,1051210000,1053210000,1055210000,1057210000,1059210000,1061210000,1063210000,1065210000,1067210000,1069210000,1071210000,1073210000,1075210000,1077210000,1079210000,1081210000,1083210000,1085210000,1087210000,1089210000,1091210000,1093210000,1095210000,1097210000,1099210000,1101210000,1103210000,1105210000,1107210000,1109210000,1111210000,1113210000,1115210000,1117210000,1119210000,1121210000,1123210000,1125210000,1127210000,1129210000,1131210000,1133210000,1135210000,1137210000,1139210000,1141210000,1143210000,1145210000,1147210000,1149210000,1151210000,1153210000,1155210000,1157210000,1159210000,1161210000,1163210000,1165210000,1167210000,1169210000,1171210000,1173210000,1175210000,1177210000,1179210000,1181210000,1183210000,1185210000,1187210000,1189210000,1191210000,1193210000,1195210000,1197210000,1199210000,1201210000,1203210000,1205210000,1207210000,1209210000,1211210000,1213210000,1215210000,1217210000,1219210000,1221210000,1223210000,1225210000,1227210000,1229210000,1231210000,1233210000,1235210000,1237210000,1239210000,1241210000,1243210000,1245210000,1247210000,1249210000,1251210000,1253210000,1255210000,1257210000,1259210000,1261210000,1263210000,1265210000,1267210000,1269210000,1271210000,1273210000,1275210000,1277210000,1279210000,1281210000,1283210000,1285210000,1287210000,1289210000,1291210000,1293210000,1295210000,1297210000,1299210000,1301210000,1303210000,1305210000,1307210000,1309210000,1311210000,1313210000,1315210000,1317210000,1319210000,1321210000,1323210000,1325210000,1327210000,1329210000,1331210000,1333210000,1335210000,1337210000,1339210000,1341210000,1343210000,1345210000,1347210000,1349210000,1351210000,1353210000,1355210000,1357210000,1359210000,1361210000,1363210000,1365210000,1367210000,1369210000,1371210000,1373210000,1375210000,1377210000,1379210000,1381210000,1383210000,1385210000,1387210000,1389210000,1391210000,1393210000,1395210000,1397210000,1399210000,1401210000,1403210000,1405210000,1407210000,1409210000,1411210000,1413210000,1415210000,1417210000,1419210000,1421210000,1423210000,1425210000,1427210000,1429210000,1431210000,1433210000,1435210000,1437210000,1439210000,1441210000,1443210000,1445210000,1447210000,1449210000,1451210000,1453210000,1455210000,1457210000,1459210000,1461210000,1463210000,1465210000,1467210000,1469210000,1471210000,1473210000,1475210000,1477210000,1479210000,1481210000,1483210000,1485210000,1487210000,1489210000,1491210000,1493210000,1495210000,1497210000,1499210000,1501210000,1503210000,1505210000,1507210000,1509210000,1511210000,1513210000,1515210000,1517210000,1519210000,1521210000,1523210000,1525210000,1527210000,1529210000,1531210000,1533210000,1535210000,1537210000,1539210000,1541210000,1543210000,1545210000,1547210000,1549210000,1551210000,1553210000,1555210000,1557210000,1559210000,1561210000,1563210000,1565210000,1567210000,1569210000,1571210000,1573210000,1575210000,1577210000,1579210000,1581210000,1583210000,1585210000,1587210000,1589210000,1591210000,1593210000,1595210000,1597210000,1599210000,1601210000,1603210000,1605210000,1607210000,1609210000,1611210000,1613210000,1615210000,1617210000,1619210000,1621210000,1623210000,1625210000,1627210000,1629210000,1631210000,1633210000,1635210000,1637210000,1639210000,1641210000,1643210000,1645210000,1647210000,1649210000,1651210000,1653210000,1655210000,1657210000,1659210000,1661210000,1663210000,1665210000,1667210000,1669210000,1671210000,1673210000,1675210000,1677210000,1679210000,1681210000,1683210000,1685210000,1687210000,1689210000,1691210000,1693210000,1695210000,1697210000,1699210000,1701210000,1703210000,1705210000,1707210000,1709210000,1711210000,1713210000,1715210000,1717210000,1719210000,1721210000,1723210000,1725210000,1727210000,1729210000,1731210000,1733210000,1735210000,1737210000,1739210000,1741210000,1743210000,1745210000,1747210000,1749210000,1751210000,1753210000,1755210000,1757210000,1759210000,1761210000,1763210000,1765210000,1767210000,1769210000,1771210000,1773210000,1775210000,1777210000,1779210000,1781210000,1783210000,1785210000,1787210000,1789210000,1791210000,1793210000,1795210000,1797210000,1799210000,1801210000,1803210000,1805210000,1807210000,1809210000,1811210000,1813210000,1815210000,1817210000,1819210000,1821210000,1823210000,1825210000,1827210000,1829210000,1831210000,1833210000,1835210000,1837210000,1839210000,1841210000,1843210000,1845210000,1847210000,1849210000,1851210000,1853210000,1855210000,1857210000,1859210000,1861210000,1863210000,1865210000,1867210000,1869210000,1871210000,1873210000,1875210000,1877210000,1879210000,1881210000,1883210000,1885210000,1887210000,1889210000,1891210000,1893210000,1895210000,1897210000,1899210000,1901210000,1903210000,1905210000,1907210000,1909210000,1911210000,1913210000,1915210000,1917210000,1919210000,1921210000,1923210000,1925210000,1927210000,1929210000,1931210000,1933210000,1935210000,1937210000,1939210000,1941210000,1943210000,1945210000,1947210000,1949210000,1951210000,1953210000,1955210000,1957210000,1959210000,1961210000,1963210000,1965210000,1967210000,1969210000,1971210000,1973210000,1975210000,1977210000,1979210000,1981210000,1983210000,1985210000,1987210000,1989210000,1991210000,1993210000,1995210000,1997210000,1999210000,2001210000,2003210000,2005210000,2007210000,2009210000,2011210000,2013210000,2015210000,2017210000,2019210000,2021210000,2023210000,2025210000,2027210000,2029210000,2031210000,2033210000,2035210000,2037210000,2039210000,2041210000,2043210000,2045210000,2047210000,2049210000,2051210000,2053210000,2055210000,2057210000,2059210000,2061210000,2063210000,2065210000,2067210000,2069210000,2071210000,2073210000,2075210000,2077210000,2079210000,2081210000,2083210000,2085210000,2087210000,2089210000,2091210000,2093210000,2095210000,2097210000,2099210000,2101210000,2103210000,2105210000,2107210000,2109210000,2111210000,2113210000,2115210000,2117210000,2119210000,2121210000,2123210000,2125210000,2127210000,2129210000,2131210000,2133210000,2135210000,2137210000,2139210000,2141210000,2143210000,2145210000,2147210000

//Job - Pre-renewal 100 Levels
100,23:24:25:4008:4009:4010:4011:4012:4013:4014:4015:4016:4017:4018:4019:4020:4021:4022:4047:4049,1,288,368,568,696,1206,1774,2192,3196,5080,7352,8580,9892,13358,18984,31925,35860,40013,51605,68585,87770,96443,105515,131770,167428,206720,223860,241673,294553,362303,479053,513362,548856,656197,787507,927154,985696,1046034,1231134,1449220,1678177,1773024,2182221,2534978,3043585,3782865,4461912,4672971,5971896,6250158,6875174,7562691,8318960,9150856,10065942,11877812,14015818,16538665,19515624,23028437,28094693,34275525,41816141,51015692,62239144,79666104,101972614,130524946,167071930,213852071,218852071,223852071,228852071,233852071,238852071,243852071,248852071,253852071,258852071,263852071,268852071,273852071,278852071,283852071,288852071,293852071,298852071,303852071,308852071,313852071,318852071,323852071,328852071,333852071,338852071,343852071,348852071,353852071,358852071,363852071,368852071,373852071,378852071,383852071,388852071,393852071,398852071,403852071,408852071,413852071,418852071,423852071,428852071,433852071,438852071,443852071,448852071,453852071,458852071,463852071,468852071,473852071,478852071,483852071,488852071,493852071,498852071,503852071,508852071,513852071,518852071,523852071,528852071,533852071,538852071,543852071,548852071,553852071,558852071,563852071,568852071,573852071,578852071,583852071,588852071,593852071,598852071,603852071,608852071,613852071,618852071,623852071,628852071,633852071,638852071,643852071,648852071,653852071,658852071,663852071,668852071,673852071,678852071,683852071,688852071,693852071,698852071,703852071,708852071,713852071,718852071,723852071,728852071,733852071,738852071,743852071,748852071,753852071,758852071,763852071,768852071,773852071,778852071,783852071,788852071,793852071,798852071,803852071,808852071,813852071,818852071,823852071,828852071,833852071,838852071,843852071,848852071,853852071,858852071,863852071,868852071,873852071,878852071,883852071,888852071,893852071,898852071,903852071,908852071,913852071,918852071,923852071,928852071,933852071,938852071,943852071,948852071,953852071,958852071,963852071,968852071,973852071,978852071,983852071,988852071,993852071,998852071,1003852071,1008852071,1013852071,1018852071,1023852071,1028852071,1033852071,1038852071,1043852071

//Job - Novice & Baby Novice
10,0:4023,1,10,18,28,40,91,151,205,268,340,999999999

//Job - 1st Classes & Baby 1st Classes, Taekwon
50,1:2:3:4:5:6:4024:4025:4026:4027:4028:4029:4046,1,30,43,58,76,116,180,220,272,336,520,604,699,802,948,1125,1668,1937,2226,3040,3988,5564,6272,7021,9114,11473,15290,16891,18570,23229,28359,36478,39716,43088,52417,62495,78160,84175,90404,107611,125915,153941,191781,204351,248352,286212,386371,409795,482092,509596,999999999

//Job - 2nd Classes & Baby 2nd Classes, Soul Linker
50,7:8:9:10:11:12:13:14:15:16:17:18:19:20:21:4030:4031:4032:4033:4034:4035:4036:4037:4038:4039:4040:4041:4042:4043:4044:4049:4051:4052,1,144,184,284,348,603,887,1096,1598,2540,3676,4290,4946,6679,9492,12770,14344,16005,20642,27434,35108,38577,42206,52708,66971,82688,89544,96669,117821,144921,174201,186677,199584,238617,286366,337147,358435,380376,447685,526989,610246,644736,793535,921810,1106758,1260955,1487304,1557657,1990632,2083386,999999999

//Job - Novice High
10,4001,1,11,20,31,44,100,166,226,295,374,999999999

//Job - Adv First Classes
50,4002:4003:4004:4005:4006:4007,1,60,86,116,152,232,360,440,544,672,1040,1208,1398,1604,1896,2250,3336,3874,4452,6080,7976,11128,12544,14042,18228,28683,38225,42228,46425,58073,70898,91195,99290,107720,131043,156238,195400,210438,226010,269028,314788,384853,479453,510878,620880,715530,965928,1024488,1205230,1273990,999999999
